var names = ['1','3','5','7','2','4','6','8','26','28','30','32','25','27','29','31','57','59','61','63','58','60','62','64','34','36','38','40','33','35','37','39'];

var matrix = [
[  0, 65, 50, 26,  4,  2,  1,  1, 14, 34, 31, 33, 12, 10, 32, 21,  5,  6,  6,  6,  0,  0,  0,  0, 20, 18, 13, 15, 10, 13, 14,  8],
[ 65,  0, 43, 49,  1,  0,  0,  0, 25, 79, 60, 58, 16, 10, 27, 25, 15, 22, 18, 19,  0,  0,  0,  0, 59, 50, 43, 41, 24, 32, 32, 20],
[ 50, 43,  0, 44,  1,  1,  0,  0, 22, 50, 42, 41, 10,  7, 18, 20,  7,  9,  8, 10,  0,  0,  0,  0, 33, 29, 25, 24, 12, 15, 14, 10],
[ 26, 49, 44,  0,  0,  0,  0,  0, 48,149,124,111, 14, 14, 33, 32, 21, 23, 19, 24,  0,  0,  0,  0, 93, 87, 71, 75, 36, 41, 43, 31],
[  4,  1,  1,  0,  0, 88, 27,  9,  0,  0,  0,  1, 10,  4,  5,  8,  0,  0,  0,  0,  0,  0,  0,  0,  0,  0,  0,  0,  0,  0,  0,  0],
[  2,  0,  1,  0, 88,  0, 44, 17,  0,  0,  0,  0,  7,  3,  3,  6,  0,  0,  0,  0,  0,  0,  0,  0,  0,  0,  0,  0,  0,  0,  0,  0],
[  1,  0,  0,  0, 27, 44,  0,102,  0,  0,  0,  0,  4,  1,  2,  2,  0,  0,  0,  0,  0,  0,  0,  0,  0,  0,  0,  0,  0,  0,  0,  0],
[  1,  0,  0,  0,  9, 17,102,  0,  0,  0,  0,  0,  3,  1,  1,  1,  0,  0,  0,  0,  0,  0,  0,  0,  0,  0,  0,  0,  0,  0,  0,  0],
[ 14, 25, 22, 48,  0,  0,  0,  0,  0, 79, 39, 41, 11,  8, 14, 15,  9, 12,  9, 12,  0,  0,  0,  0, 38, 32, 29, 29, 16, 19, 21, 16],
[ 34, 79, 50,149,  0,  0,  0,  0, 79,  0,193,140, 13, 12, 37, 36, 25, 26, 21, 25,  0,  0,  0,  0,136,118, 96, 85, 51, 50, 57, 40],
[ 31, 60, 42,124,  0,  0,  0,  0, 39,193,  0,395, 12, 10, 28, 30, 18, 24, 24, 23,  0,  0,  0,  0, 97, 93, 72, 64, 43, 44, 46, 33],
[ 33, 58, 41,111,  1,  0,  0,  0, 41,140,395,  0, 14, 14, 29, 33, 17, 21, 20, 23,  0,  0,  0,  0, 79, 75, 60, 56, 35, 38, 40, 29],
[ 12, 16, 10, 14, 10,  7,  4,  3, 11, 13, 12, 14,  0, 23, 23, 21,  3,  5,  4,  5,  0,  0,  0,  0,  8,  8,  7,  7, 11, 11, 11,  7],
[ 10, 10,  7, 14,  4,  3,  1,  1,  8, 12, 10, 14, 23,  0, 50, 36,  3,  4,  4,  4,  0,  0,  0,  0,  8,  7,  7,  7,  9,  9,  9,  7],
[ 32, 27, 18, 33,  5,  3,  2,  1, 14, 37, 28, 29, 23, 50,  0, 61,  7,  8,  7,  8,  0,  0,  0,  0, 20, 21, 19, 16, 13, 15, 15, 10],
[ 21, 25, 20, 32,  8,  6,  2,  1, 15, 36, 30, 33, 21, 36, 61,  0,  8,  9,  9, 10,  0,  0,  0,  0, 25, 19, 20, 19, 16, 16, 19, 12],
[  5, 15,  7, 21,  0,  0,  0,  0,  9, 25, 18, 17,  3,  3,  7,  8,  0,334,166, 86,  0,  0,  0,  1, 50, 38, 43, 42, 30, 32, 36, 24],
[  6, 22,  9, 23,  0,  0,  0,  0, 12, 26, 24, 21,  5,  4,  8,  9,334,  0,295,127,  0,  0,  0,  1, 55, 45, 47, 50, 36, 41, 44, 31],
[  6, 18,  8, 19,  0,  0,  0,  0,  9, 21, 24, 20,  4,  4,  7,  9,166,295,  0,221,  0,  0,  0,  1, 51, 45, 41, 40, 36, 37, 40, 29],
[  6, 19, 10, 24,  0,  0,  0,  0, 12, 25, 23, 23,  5,  4,  8, 10, 86,127,221,  0,  0,  0,  0,  1, 43, 44, 39, 40, 33, 37, 38, 28],
[  0,  0,  0,  0,  0,  0,  0,  0,  0,  0,  0,  0,  0,  0,  0,  0,  0,  0,  0,  0,  0,246,143, 75,  0,  0,  0,  0,  0,  0,  0,  0],
[  0,  0,  0,  0,  0,  0,  0,  0,  0,  0,  0,  0,  0,  0,  0,  0,  0,  0,  0,  0,246,  0,268,131,  0,  0,  0,  0,  0,  0,  0,  0],
[  0,  0,  0,  0,  0,  0,  0,  0,  0,  0,  0,  0,  0,  0,  0,  0,  0,  0,  0,  0,143,268,  0,207,  0,  0,  0,  0,  0,  0,  0,  0],
[  0,  0,  0,  0,  0,  0,  0,  0,  0,  0,  0,  0,  0,  0,  0,  0,  1,  1,  1,  1, 75,131,207,  0,  0,  0,  1,  1,  1,  1,  0,  0],
[ 20, 59, 33, 93,  0,  0,  0,  0, 38,136, 97, 79,  8,  8, 20, 25, 50, 55, 51, 43,  0,  0,  0,  0,  0,431,277,191, 83, 94, 99, 73],
[ 18, 50, 29, 87,  0,  0,  0,  0, 32,118, 93, 75,  8,  7, 21, 19, 38, 45, 45, 44,  0,  0,  0,  0,431,  0,429,232, 62, 75, 80, 57],
[ 13, 43, 25, 71,  0,  0,  0,  0, 29, 96, 72, 60,  7,  7, 19, 20, 43, 47, 41, 39,  0,  0,  0,  1,277,429,  0,310, 55, 66, 74, 57],
[ 15, 41, 24, 75,  0,  0,  0,  0, 29, 85, 64, 56,  7,  7, 16, 19, 42, 50, 40, 40,  0,  0,  0,  1,191,232,310,  0, 61, 75, 81, 64],
[ 10, 24, 12, 36,  0,  0,  0,  0, 16, 51, 43, 35, 11,  9, 13, 16, 30, 36, 36, 33,  0,  0,  0,  1, 83, 62, 55, 61,  0,596,485,291],
[ 13, 32, 15, 41,  0,  0,  0,  0, 19, 50, 44, 38, 11,  9, 15, 16, 32, 41, 37, 37,  0,  0,  0,  1, 94, 75, 66, 75,596,  0,653,362],
[ 14, 32, 14, 43,  0,  0,  0,  0, 21, 57, 46, 40, 11,  9, 15, 19, 36, 44, 40, 38,  0,  0,  0,  0, 99, 80, 74, 81,485,653,  0,459],
[  8, 20, 10, 31,  0,  0,  0,  0, 16, 40, 33, 29,  7,  7, 10, 12, 24, 31, 29, 28,  0,  0,  0,  0, 73, 57, 57, 64,291,362,459,  0]
];