var names = ['10','16','22','27','33','39','44','50','56','62','67','73','79'];

var matrix = [
[  0,195739,71737,1508349,239358,9565,414960,152283,188164,15611,23299,41914,108535],
[195739,  0,50050,345695,90870,246379,112071,38061,86456,98261,13582,23858,105190],
[71737,50050,  0,3181,264452,432260,676083,182298,12926,32501,27780,239218,219464],
[1508349,345695,3181,  0,40977,79730,63877,22943,89462,11838,566,15664,15725],
[239358,90870,264452,40977,  0,64510,26160,20387,18663,2112,37106,177,1488],
[9565,246379,432260,79730,64510,  0,93986,110421,63806,30899,12467,24687,2139],
[414960,112071,676083,63877,26160,93986,  0,61007,210,40635,3433,417717,19858],
[152283,38061,182298,22943,20387,110421,61007,  0,2312,17016,11191,64209,1478],
[188164,86456,12926,89462,18663,63806,210,2312,  0,7243,41000,116974,70082],
[15611,98261,32501,11838,2112,30899,40635,17016,7243,  0,3366,19156,5210],
[23299,13582,27780,566,37106,12467,3433,11191,41000,3366,  0,16091,13311],
[41914,23858,239218,15664,177,24687,417717,64209,116974,19156,16091,  0,2970],
[108535,105190,219464,15725,1488,2139,19858,1478,70082,5210,13311,2970,  0]
];